,Cities,Cloudiness,Country,Date,Humidity,Lat,Lng,Max Temp,Wind Speed
0,Saint Johnsbury,90,US,1567086092,100,44.42,-72.02,68.0,4.88
1,Paita,0,PE,1567086092,290,-5.09,-81.11,62.6,13.87
2,Cabo San Lucas,5,MX,1567086092,78,22.89,-109.91,78.01,4.7
3,Clyde River,1,CA,1567086092,81,70.47,-68.59,48.2,13.87
4,Castro,75,CL,1567086093,93,-42.48,-73.76,44.6,9.17
5,Bambous Virieux,75,MU,1567086093,64,-20.34,57.76,75.2,14.99
6,Vostok,100,RU,1567086093,96,46.45,135.83,57.71,4.12
7,Sept-Iles,90,CA,1567085905,93,50.2,-66.38,57.2,17.22
8,Bethel,1,US,1567085962,93,60.79,-161.76,48.2,5.82
9,Zamora,20,ES,1567086094,25,41.51,-5.74,93.99,8.05
10,Nikolskoye,0,RU,1567086094,38,59.7,30.79,77.0,8.95
11,Whitehorse,75,CA,1567085809,93,60.72,-135.06,37.4,1.57
12,Taltal,0,CL,1567086094,69,-25.41,-70.49,59.69,6.51
13,Brae,20,GB,1567086095,67,60.4,-1.35,60.8,18.34
14,Tucuman,0,PE,1567086095,13,-17.17,-70.89,73.73,8.59
15,Verkhnechusovskiye Gorodki,100,RU,1567086095,97,58.17,57.11,40.61,10.92
16,Sturgis,7,CA,1567086095,80,51.94,-102.54,51.23,16.31
17,Port Elizabeth,1,US,1567086095,69,39.31,-74.98,75.99,6.93
18,Rikitea,76,PF,1567086096,79,-23.12,-134.97,69.95,22.82
19,Mabaruma,10,GY,1567086096,49,8.2,-59.78,91.19,3.51
20,Kampong Cham,100,KH,1567086004,92,11.99,105.46,76.79,7.07
21,Sangar,0,RU,1567086096,76,63.92,127.47,46.73,2.01
22,Avarua,62,CK,1567086096,73,-21.21,-159.78,71.6,8.05
23,Haicheng,0,CN,1567086097,91,40.85,122.74,61.31,6.15
24,Mataura,91,NZ,1567086098,89,-46.19,168.86,44.01,10.0
25,Muros,20,ES,1567086098,69,42.77,-9.06,78.01,6.93
26,Vaini,40,IN,1567086098,78,15.34,74.49,80.6,9.17
27,Kavieng,40,PG,1567086098,79,-2.57,150.8,82.37,6.87
28,Busselton,78,AU,1567086099,70,-33.64,115.35,60.01,32.08
29,Srednekolymsk,89,RU,1567086099,91,67.46,153.71,35.39,7.65
30,Ushuaia,75,AR,1567086099,74,-54.81,-68.31,37.4,18.34
31,Abha,40,SA,1567086101,6,18.22,42.5,89.6,16.11
32,Lebu,75,ET,1567086101,82,8.96,38.73,59.0,6.93
33,Hithadhoo,100,MV,1567086101,73,-0.6,73.08,81.29,17.4
34,Atuona,41,PF,1567086101,75,-9.8,-139.03,79.31,18.52
35,Yellowknife,40,CA,1567086038,87,62.45,-114.38,46.4,12.75
36,Ribeira Grande,20,PT,1567086102,60,38.52,-28.7,75.2,5.82
37,Puerto Ayora,75,EC,1567085923,83,-0.74,-90.35,71.6,10.29
38,Suluq,0,LY,1567086102,70,31.67,20.25,82.19,16.84
39,Tateyama,100,JP,1567086103,99,36.66,137.31,79.0,2.73
40,Qaanaaq,100,GL,1567086103,94,77.48,-69.36,39.17,10.67
41,Chapais,90,CA,1567086103,87,49.78,-74.86,59.0,9.17
42,Monterey,90,US,1567086104,72,36.6,-121.89,66.2,5.48
43,College,90,US,1567086104,87,64.86,-147.8,50.0,1.43
44,Boma,94,GH,1567086104,60,7.08,-2.17,83.99,3.18
45,Ziro,100,IN,1567086104,95,27.54,93.82,63.65,3.06
46,Hobart,20,AU,1567086104,81,-42.88,147.33,42.8,6.93
47,Butaritari,100,KI,1567086104,74,3.07,172.79,81.65,2.68
48,Vila Velha,0,BR,1567086105,45,-3.71,-38.6,86.0,17.22
49,Saint-Joseph,0,FR,1567086105,58,43.56,6.97,91.4,6.93
50,Georgetown,40,GY,1567086017,70,6.8,-58.16,86.0,13.87
51,Jamestown,0,AU,1567086105,72,-33.21,138.6,40.97,10.42
52,Comodoro Rivadavia,0,AR,1567085938,48,-45.87,-67.48,46.4,18.34
53,Russkaya Polyana,0,RU,1567086105,57,53.78,73.88,64.73,14.5
54,Albany,20,US,1567085820,77,42.65,-73.75,70.0,6.46
55,Dire,75,ET,1567086106,82,9.18,38.92,59.0,6.93
56,Carnarvon,0,ZA,1567086106,8,-30.97,22.13,63.29,14.9
57,Iralaya,75,HN,1567086106,79,15.0,-83.23,84.2,3.56
58,Cape Town,75,ZA,1567086106,44,-33.93,18.42,63.0,3.36
59,Tasiilaq,40,GL,1567086106,75,65.61,-37.64,44.6,4.7
60,Neftcala,31,AZ,1567086107,62,39.37,49.25,74.45,20.92
61,Vanimo,75,PG,1567086107,75,-2.67,141.3,83.63,9.37
62,Awjilah,0,LY,1567086107,17,29.14,21.3,97.49,12.8
63,Haines Junction,0,CA,1567086107,66,60.75,-137.51,41.33,1.36
64,Plettenberg Bay,82,ZA,1567085843,61,-34.05,23.37,55.91,7.92
65,Zhangye,100,CN,1567086107,27,38.94,100.46,72.11,6.91
66,Kidal,0,ML,1567086108,28,18.44,1.41,97.13,12.28
67,Saint-Georges,71,CA,1567086108,91,46.12,-70.67,64.99,1.01
68,Kodiak,1,US,1567086108,88,39.95,-94.76,73.99,9.17
69,Pyapon,100,MM,1567086108,89,16.29,95.68,79.31,5.3
70,Biltine,70,TD,1567086109,29,14.53,20.93,96.77,7.87
71,Lorengau,15,PG,1567086109,82,-2.02,147.27,80.39,9.01
72,Upernavik,0,GL,1567086109,75,72.79,-56.15,42.41,6.42
73,Bhag,90,PK,1567086109,33,29.04,67.82,100.37,8.9
74,Davydovka,41,RU,1567086109,53,51.16,39.42,66.17,5.84
75,Saint-Philippe,75,CA,1567086110,88,45.36,-73.48,71.01,11.41
76,Hermanus,100,ZA,1567086110,61,-34.42,19.24,61.0,5.99
77,Nishihara,40,JP,1567086110,74,35.74,139.53,84.99,13.87
78,Wageningen,90,NL,1567086110,68,51.98,5.66,75.99,9.17
79,Birjand,0,IR,1567085890,9,32.86,59.22,91.4,11.41
80,Los Llanos de Aridane,20,ES,1567085857,69,28.66,-17.92,78.8,13.87
81,Poum,40,MK,1567086110,32,41.28,20.71,82.4,5.82
82,Zhumadian,0,CN,1567086116,66,33.01,114.02,69.41,1.25
83,Saint-Pierre,90,FR,1567086117,57,48.95,4.24,81.0,9.17
84,Baturaja,20,ID,1567086117,91,-4.12,104.17,73.91,3.51
85,Kolpashevo,99,RU,1567086118,78,58.31,82.9,49.79,7.58
86,Harnai,88,PK,1567086118,44,30.1,67.94,85.61,9.15
87,Olovyannaya,40,RU,1567086118,57,50.94,115.59,58.43,3.67
88,Nelson Bay,90,AU,1567086118,93,-32.72,152.14,52.0,8.05
89,Paamiut,0,GL,1567086120,52,61.99,-49.67,45.83,28.1
90,Barrow,66,AR,1567086120,37,-38.31,-60.23,57.35,14.61
91,Hirado,75,JP,1567086120,88,33.32,129.49,77.0,6.93
92,Egvekinot,100,RU,1567085844,95,66.32,-179.17,44.75,3.15
93,Tiksi,40,RU,1567085891,76,71.64,128.87,36.83,19.1
94,Taybad,0,IR,1567086121,33,34.74,60.78,74.99,19.82
95,Pochutla,75,MX,1567086122,73,15.74,-96.47,77.0,0.87
96,Linhares,100,BR,1567086123,51,-19.38,-40.06,76.61,6.42
97,Port Lincoln,0,AU,1567086123,74,-34.72,135.86,53.93,21.23
98,Yerbogachen,100,RU,1567086056,88,61.28,108.01,55.37,5.03
99,Airai,0,TL,1567086123,78,-8.93,125.41,65.09,5.77
100,Talas,22,KG,1567086124,36,42.52,72.24,68.51,4.0
101,Dongsheng,20,CN,1567086124,68,29.72,112.52,75.17,3.76
102,Rawson,0,AR,1567086124,35,-43.3,-65.11,51.95,34.25
103,Mar del Plata,0,AR,1567086124,38,-46.43,-67.52,45.47,25.59
104,Salym,100,RU,1567086125,80,60.06,71.48,50.69,6.33
105,Tortoli,20,IT,1567086125,62,39.93,9.66,84.2,8.05
106,Kapaa,75,US,1567086125,83,22.08,-159.32,77.0,5.82
107,Paragominas,51,BR,1567086126,40,-3.0,-47.35,92.81,6.49
108,Cockburn Town,40,TC,1567086040,74,21.46,-71.14,86.0,9.17
109,Valdivia,75,CL,1567086126,100,-39.81,-73.25,44.6,2.24
110,Pokaran,98,IN,1567086126,42,26.93,71.92,96.77,9.64
111,San Patricio,0,PY,1567086127,49,-26.98,-56.83,83.09,9.57
112,Lambari,87,BR,1567086127,48,-21.98,-45.35,73.99,5.46
113,Carutapera,0,BR,1567086127,60,-1.2,-46.02,86.15,11.1
114,Bluff,27,AU,1567086128,68,-23.58,149.07,60.95,11.77
115,Aragarcas,40,BR,1567085908,35,-15.9,-52.25,86.0,2.24
116,Kamaishi,96,JP,1567086128,92,39.28,141.86,62.75,2.73
117,Vieste,20,IT,1567086128,33,41.88,16.18,89.6,4.7
118,Kribi,42,CM,1567086128,86,2.94,9.91,78.41,14.03
119,Bredasdorp,75,ZA,1567085979,50,-34.53,20.04,62.6,11.41
120,Lakselv,75,NO,1567086129,60,70.05,24.96,73.4,35.57
121,Cape Coast,0,GH,1567086130,78,5.11,-1.24,78.59,12.33
122,Poya,100,NC,1567086130,79,-21.35,165.16,69.59,11.45
123,Punta Arenas,75,CL,1567086130,86,-53.16,-70.91,39.2,20.8
124,Hilo,1,US,1567086131,69,19.71,-155.08,73.4,6.93
125,Toktogul,0,KG,1567086131,39,41.87,72.95,60.23,4.7
126,Pawayan,68,IN,1567086132,64,28.07,80.1,87.59,3.09
127,Tuatapere,99,NZ,1567086132,89,-46.13,167.69,44.01,10.0
128,Lensk,8,RU,1567086132,83,60.71,114.91,50.69,0.34
129,Coari,9,BR,1567086024,37,-4.09,-63.14,94.61,3.15
130,Ancud,75,CL,1567086132,93,-41.87,-73.83,44.6,9.17
131,Port Alfred,9,ZA,1567086132,71,-33.59,26.89,64.0,3.0
132,Saskylakh,86,RU,1567086133,68,71.97,114.09,43.85,6.58
133,Miajadas,0,ES,1567086133,25,39.15,-5.91,95.0,4.0
134,Morondava,0,MG,1567086133,67,-20.3,44.28,77.69,21.77
135,Erkelenz,0,DE,1567086133,60,51.08,6.32,82.0,8.05
136,Farafangana,0,MG,1567086133,83,-22.82,47.83,65.63,4.07
137,Sao Filipe,41,CV,1567086134,78,14.9,-24.5,79.31,10.49
138,New Norfolk,20,AU,1567086134,81,-42.78,147.06,42.8,6.93
139,Urengoy,100,RU,1567086134,83,65.96,78.37,45.11,16.91
140,Sioux Lookout,75,CA,1567086134,87,50.1,-91.92,55.4,8.05
141,Khandyga,38,RU,1567086134,91,62.65,135.58,48.17,1.1
142,Dikson,100,RU,1567086134,94,73.51,80.55,42.77,16.58
143,Fortuna,0,ES,1567086134,40,38.18,-1.13,89.6,4.7
144,Nova Era,98,BR,1567086135,48,-19.77,-43.04,70.13,5.14
145,Darnah,0,LY,1567086085,75,32.77,22.64,79.49,12.77
146,Zeya,83,RU,1567086135,67,53.74,127.27,50.33,6.17
147,Thompson,75,CA,1567086028,76,55.74,-97.86,48.2,13.87
148,Vardo,1,US,1567086135,64,39.62,-77.74,73.99,6.93
149,Mahebourg,75,MU,1567086136,64,-20.41,57.7,75.2,14.99
150,Severo-Kurilsk,100,RU,1567086136,98,50.68,156.12,49.79,9.84
151,Maniitsoq,0,GL,1567086136,57,65.42,-52.9,43.85,3.78
152,Sedona,1,US,1567086136,60,34.87,-111.79,70.0,9.17
153,Gazli,0,UZ,1567086137,21,40.13,63.45,74.99,7.38
154,Te Anau,74,NZ,1567086137,86,-45.41,167.72,40.25,7.11
155,Sibolga,100,ID,1567086137,69,1.74,98.78,83.45,3.2
156,Klaksvik,40,FO,1567086137,87,62.23,-6.59,53.6,18.34
157,Tuktoyaktuk,90,CA,1567086137,86,69.44,-133.03,37.4,2.24
158,Nouakchott,20,MR,1567086110,70,18.08,-15.98,87.8,11.41
159,Chokurdakh,100,RU,1567086138,78,70.62,147.9,35.21,4.85
160,Severobaykalsk,93,RU,1567086138,69,55.65,109.32,49.43,2.21
161,Mehamn,0,NO,1567086138,64,71.03,27.85,75.2,21.92
162,Kaitangata,84,NZ,1567086138,64,-46.28,169.85,45.0,8.01
163,Zonguldak,20,TR,1567086138,65,41.25,31.83,81.0,13.87
164,Karla,20,EE,1567086139,60,59.37,24.93,79.0,10.29
165,Berlevag,0,NO,1567086139,57,70.86,29.09,75.2,26.4
166,Monki,73,PL,1567086139,44,53.41,22.8,90.0,7.14
167,Serebryansk,95,KZ,1567086139,48,49.68,83.3,69.05,3.22
168,Payakumbuh,100,ID,1567086139,97,-0.23,100.63,67.97,4.38
169,Pemba,40,MZ,1567086139,58,-12.97,40.52,82.4,11.41
170,Nizhniy Tsasuchey,86,RU,1567086140,57,50.52,115.13,59.15,4.68
171,Camopi,0,GF,1567086140,44,3.17,-52.33,90.47,4.68
172,Ust-Nera,0,RU,1567086141,83,64.57,143.24,29.45,5.39
173,Umm Kaddadah,55,SD,1567086141,28,13.6,26.69,95.51,5.68
174,Huarmey,100,PE,1567086141,91,-10.07,-78.15,59.15,12.97
175,Vestmannaeyjar,40,IS,1567086141,93,63.44,-20.27,50.0,13.87
176,Camacha,75,PT,1567086142,60,33.08,-16.33,75.2,13.87
177,Chuy,60,UY,1567086142,63,-33.69,-53.46,71.21,8.46
178,Lompoc,90,US,1567086142,87,34.64,-120.46,62.6,4.7
179,Yeppoon,75,AU,1567086142,77,-23.13,150.74,64.4,3.2
180,Baoshan,0,CN,1567086142,94,31.41,121.49,79.0,4.47
181,Otane,0,NZ,1567086142,81,-39.89,176.62,50.0,5.01
182,Port Hardy,90,CA,1567086143,100,50.7,-127.42,53.6,2.24
183,Victoria,75,BN,1567086143,78,5.28,115.24,84.2,5.46
184,Torbay,90,CA,1567086033,93,47.66,-52.73,57.0,11.41
185,Sur,100,OM,1567086143,49,22.57,59.53,85.43,2.04
186,Cayenne,75,GF,1567086144,70,4.94,-52.33,84.2,8.05
187,Ouadda,100,CF,1567086145,92,8.07,22.4,76.79,2.89
188,Hualmay,100,PE,1567086145,89,-11.1,-77.61,58.79,13.11
189,Vitim,99,RU,1567086145,67,59.44,112.57,51.23,2.64
190,Husavik,0,CA,1567086146,89,50.56,-96.99,55.0,5.99
191,Kalianget,20,ID,1567086146,65,-7.35,109.91,82.4,2.24
192,Bathsheba,75,BB,1567086146,70,13.22,-59.52,86.0,12.75
193,Mount Isa,0,AU,1567086146,19,-20.73,139.49,59.0,8.05
194,Maceio,40,BR,1567086147,69,-9.67,-35.74,80.6,10.29
195,Gat,75,SN,1567086147,79,14.69,-16.54,84.2,3.36
196,Hofn,75,IS,1567086147,71,64.25,-15.21,55.4,4.7
197,Kahului,1,US,1567086147,73,20.89,-156.47,73.99,5.82
198,Balkhash,54,KZ,1567086147,22,46.84,74.98,80.39,15.88
199,Marawi,95,PH,1567086147,88,8.0,124.29,78.01,5.01
200,Whitecourt,20,CA,1567086148,93,54.14,-115.68,39.2,2.24
201,Barrhead,1,CA,1567086148,100,54.12,-114.4,39.2,2.24
202,Redlands,1,US,1567086149,68,34.06,-117.19,73.0,2.62
203,Alofi,33,NU,1567086149,88,-19.06,-169.92,68.0,3.36
204,Nanortalik,0,GL,1567086149,80,60.14,-45.24,44.03,4.72
205,Xiangxiang,81,CN,1567086149,82,27.73,112.52,74.27,2.57
206,Alyangula,17,AU,1567086149,87,-13.85,136.42,53.6,11.12
207,Ambilobe,98,MG,1567086149,59,-13.19,49.05,78.95,3.89
208,Westport,1,US,1567086150,60,41.14,-73.36,75.0,11.41
209,Xinzhi,75,TW,1567086150,94,22.54,120.62,79.0,8.05
210,Lagoa,20,PT,1567086150,48,37.14,-8.45,89.01,8.05
211,Sambava,50,MG,1567086150,84,-14.27,50.17,68.51,2.08
212,Reinach,20,CH,1567086151,51,47.49,7.59,89.01,5.82
213,Komsomolskiy,100,RU,1567086151,69,67.55,63.78,42.95,10.45
214,Maltahohe,0,NA,1567086151,5,-24.83,16.98,72.83,15.37
215,Cherskiy,100,RU,1567086151,96,68.75,161.3,35.75,7.85
216,Dali,26,CN,1567086151,36,34.79,109.94,74.27,5.35
217,Leningradskiy,100,RU,1567086152,97,69.38,178.42,41.15,7.49
218,Honiara,75,SB,1567086152,100,-9.43,159.96,75.2,5.53
219,Zhangjiakou,0,CN,1567086152,70,40.77,114.88,52.85,12.17
220,Cancun,20,MX,1567086074,100,21.17,-86.85,75.2,3.36
221,Mehran,0,IR,1567086152,13,33.12,46.17,98.6,11.41
222,Bontang,42,ID,1567086152,89,0.12,117.47,73.19,3.96
223,Hauterive,90,CA,1567086153,93,49.18,-68.27,59.0,6.93
224,Schleiden,1,DE,1567086153,47,50.53,6.48,80.6,12.75
225,Yuxia,0,CN,1567086153,53,34.06,108.63,75.2,6.71
226,Coquimbo,0,CL,1567086153,100,-29.95,-71.34,48.2,21.83
227,Biak,80,ID,1567086153,97,-0.91,122.88,58.43,5.28
228,Khatanga,0,RU,1567086153,70,71.98,102.47,53.21,10.89
229,East London,0,ZA,1567085957,64,-33.02,27.91,68.0,12.75
230,Pacific Grove,90,US,1567086154,72,36.62,-121.92,66.2,5.48
231,Sao Goncalo dos Campos,97,BR,1567086154,79,-12.43,-38.97,71.03,8.66
232,Selma,0,US,1567086154,83,32.41,-87.02,73.99,4.7
233,Palana,100,RU,1567086154,95,59.08,159.95,50.33,8.25
234,Trelew,0,AR,1567086085,35,-43.25,-65.31,51.95,34.25
235,Guane,33,CU,1567086154,71,22.2,-84.09,85.07,9.89
236,Ekibastuz,9,KZ,1567086154,29,51.72,75.32,72.47,5.86
237,Shelabolikha,0,RU,1567086155,56,53.41,82.62,73.4,4.47
238,Caravelas,89,BR,1567086155,67,-17.73,-39.27,74.81,10.33
239,Barcelos,0,BR,1567086018,47,-0.97,-62.93,92.27,3.27
240,Palmer,0,AU,1567086155,70,-34.85,139.16,48.0,5.82
241,Kotka,20,FI,1567086155,49,60.47,26.95,73.4,13.87
242,Mount Gambier,60,AU,1567086155,75,-37.83,140.78,42.8,5.82
243,Ajka,0,HU,1567086156,35,47.11,17.56,91.4,4.7
244,Adrar,88,DZ,1567086156,9,27.87,-0.29,111.2,6.93
245,Jimeta,100,NG,1567086156,93,9.28,12.44,69.95,7.87
246,Russell,1,US,1567086157,88,38.9,-98.86,73.0,9.17
247,Wahiawa,40,US,1567086157,78,21.5,-158.02,78.8,9.08
248,Cidreira,0,BR,1567086158,50,-30.17,-50.22,78.95,5.66
249,Marsh Harbour,48,BS,1567086158,73,26.54,-77.06,83.81,8.57
250,Moindou,0,NC,1567086158,72,-21.69,165.68,68.0,3.36
251,Talnakh,75,RU,1567086159,87,69.49,88.39,51.8,13.42
252,Port Blair,100,IN,1567085970,82,11.67,92.75,82.01,21.79
253,Sahuaripa,100,MX,1567086159,86,29.05,-109.23,72.11,3.33
254,Longyearbyen,75,NO,1567086159,71,78.22,15.63,50.0,16.11
255,Soddy-Daisy,1,US,1567086160,73,35.24,-85.19,72.0,3.36
256,Abu Dhabi,0,AE,1567086059,37,24.47,54.37,104.0,12.75
257,Jiuquan,75,CN,1567086160,19,39.73,98.49,72.83,10.49
258,Sungaipenuh,100,ID,1567086160,97,-2.08,101.38,74.27,0.29
259,Saint Anthony,1,US,1567086161,61,43.97,-111.68,48.2,5.82
260,The Valley,40,AI,1567086161,78,18.22,-63.06,86.0,11.41
261,Scarborough,85,GB,1567085966,63,54.28,-0.41,69.01,18.34
262,Yulara,0,AU,1567086161,16,-25.24,130.99,57.2,6.93
263,Choix,62,MX,1567086161,79,26.71,-108.33,76.79,1.34
264,Nanakuli,1,US,1567086162,83,21.39,-158.15,78.8,4.7
265,Itupiranga,75,BR,1567086123,66,-5.13,-49.33,86.0,8.05
266,Siniscola,40,IT,1567086162,65,40.57,9.69,82.4,6.93
267,Loikaw,100,MM,1567086141,98,19.67,97.21,67.07,2.33
268,Kuusamo,0,FI,1567086162,60,65.96,29.19,71.6,3.36
269,Rincon,40,PA,1567086163,94,8.46,-82.28,75.2,4.7
270,Yining,82,CN,1567086163,80,29.04,114.56,70.13,0.92
271,Mirnyy,20,RU,1567086163,67,56.57,36.46,64.91,6.53
272,Hami,33,CN,1567086164,14,42.84,93.51,83.09,3.83
273,Obera,0,AR,1567086164,33,-27.49,-55.12,86.87,7.56
274,Kaoma,54,ZM,1567086164,20,-14.8,24.8,86.51,7.05
275,Porto Novo,40,BR,1567086164,64,-23.68,-45.44,68.0,6.93
276,Arraial do Cabo,75,BR,1567086165,78,-22.97,-42.02,71.6,16.11
277,Borogontsy,3,RU,1567086165,73,62.67,131.17,48.71,4.12
278,Hobyo,0,SO,1567086165,69,5.35,48.53,78.23,29.62
279,Vitoria de Santo Antao,40,BR,1567085980,57,-8.12,-35.29,80.6,14.99
280,Goure,100,NE,1567086165,28,13.98,10.27,97.13,8.88
281,Inuvik,75,CA,1567086166,93,68.36,-133.71,41.0,2.24
282,Teknaf,100,BD,1567086166,82,20.86,92.31,83.99,9.46
283,Alta Floresta,84,BR,1567086166,42,-9.87,-56.08,86.0,3.36
284,Maragogi,77,BR,1567086166,66,-9.01,-35.22,79.31,11.25
285,Meiganga,94,CM,1567086166,90,6.52,14.29,71.93,6.2
286,Moranbah,33,AU,1567086167,76,-22.0,148.04,60.23,5.91
287,Omboue,7,GA,1567086167,86,-1.57,9.26,75.53,13.58
288,Gombong,11,ID,1567086167,87,-7.19,109.31,71.03,7.11
289,Bintulu,75,MY,1567086167,88,3.17,113.03,80.6,3.36
290,Taoudenni,58,ML,1567086167,18,22.68,-3.98,106.31,7.25
291,Xining,95,CN,1567086168,82,36.62,101.77,51.23,1.54
292,Muravlenko,37,RU,1567086168,74,63.79,74.5,43.49,12.64
293,Sao Joao da Barra,90,BR,1567086168,94,-21.64,-41.05,71.6,2.24
294,Ponta do Sol,95,BR,1567086168,41,-20.63,-46.0,74.63,6.93
295,Waipawa,0,NZ,1567086168,81,-39.94,176.59,50.0,5.01
296,Katsuura,75,JP,1567086169,94,33.93,134.5,77.0,5.82
297,Byron Bay,75,AU,1567086169,87,-28.65,153.62,60.8,9.17
298,Pevek,100,RU,1567086170,95,69.7,170.27,39.71,7.92
299,Flin Flon,20,CA,1567086170,71,54.77,-101.88,50.0,11.41
300,Portland,75,US,1567086134,88,43.66,-70.25,68.0,4.7
301,Maumere,0,ID,1567086170,63,-8.63,122.22,69.77,4.43
302,Provideniya,100,RU,1567086170,82,64.42,-173.23,46.91,3.65
303,Susangerd,0,IR,1567086171,19,31.56,48.19,116.6,4.7
304,Pangody,100,RU,1567086171,95,65.85,74.49,44.93,19.86
305,Christchurch,100,NZ,1567086171,87,-43.53,172.64,46.99,6.93
306,Margate,20,AU,1567086171,81,-43.03,147.26,42.8,6.93
307,Cajimos,100,PH,1567086171,81,12.59,122.28,80.39,13.82
308,Jambi,72,ID,1567086172,86,-1.6,103.62,76.61,2.64
309,Uyovu,46,TZ,1567086172,36,-3.28,31.53,82.73,1.25
310,Walvis Bay,0,NA,1567086172,78,-22.95,14.51,59.0,10.0
311,Saint George,20,GR,1567086173,29,39.45,22.34,91.99,13.87
312,Sistranda,75,NO,1567086173,93,63.73,8.83,61.0,8.05
313,Luzino,40,RU,1567086173,62,54.95,73.03,59.0,20.13
314,Oistins,75,BB,1567086174,70,13.07,-59.53,86.0,12.75
315,Areosa,0,PT,1567086174,77,41.72,-8.86,84.0,8.05
316,Chamba,7,IN,1567086174,89,32.56,76.12,72.29,3.53
317,Seymchan,100,RU,1567086175,86,62.93,152.39,39.35,10.58
318,Jasper,1,US,1567086175,78,33.83,-87.28,73.99,7.94
319,Aykhal,90,RU,1567086175,62,65.95,111.51,57.2,4.47
320,Shawinigan,90,CA,1567086028,100,46.54,-72.75,66.99,3.36
321,Letka,20,BA,1567086175,19,43.74,17.27,100.4,4.7
322,Borazjan,0,IR,1567086046,53,29.27,51.21,98.6,9.17
323,Virginia Beach,20,US,1567086176,64,36.85,-75.98,78.8,13.87
324,Tobol,100,SE,1567086176,94,59.83,12.54,68.0,11.41
325,Shache,78,CN,1567086176,84,38.42,77.24,68.0,5.53
326,Karratha,0,AU,1567086176,87,-20.74,116.85,65.27,5.73
327,Lata,100,IN,1567086176,93,30.78,78.62,44.57,1.12
328,Nicoya,75,CR,1567086177,83,10.15,-85.45,77.0,3.36
329,Montepuez,22,MZ,1567086177,29,-13.13,39.0,84.35,1.66
330,Montorio al Vomano,20,IT,1567086177,74,42.58,13.64,87.8,10.29
331,General Roca,0,AR,1567086178,43,-39.03,-67.58,50.0,11.41
332,Kpandae,87,GH,1567086178,71,8.46,-0.01,84.71,3.56
333,Grand Gaube,75,MU,1567086178,64,-20.01,57.66,75.2,14.99
334,Souillac,0,FR,1567086179,39,45.6,-0.6,82.0,4.7
335,Nola,73,CF,1567086179,87,3.52,16.05,77.33,4.65
336,Beringovskiy,100,RU,1567086179,97,63.05,179.32,47.09,9.91
337,Beisfjord,75,NO,1567086179,77,68.38,17.6,68.0,9.17
338,Kosa,75,JP,1567086180,100,32.67,130.82,73.4,4.7
339,Pokhara,98,NP,1567085981,83,28.21,83.99,58.79,2.77
340,Quatre Cocos,75,MU,1567086180,64,-20.21,57.76,75.2,14.99
341,Along,100,IN,1567086180,94,28.17,94.8,62.93,3.02
342,Dingle,100,PH,1567086181,90,11.0,122.67,73.73,3.94
343,Kerema,100,PG,1567086181,86,-7.96,145.78,76.97,11.45
344,Yarkovo,0,RU,1567086181,60,54.81,82.6,68.0,6.71
345,Lufilufi,40,WS,1567086182,94,-13.87,-171.6,73.4,3.36
346,Ishim,100,RU,1567086182,70,56.11,69.47,53.93,13.06
347,Lumphat,100,KH,1567086182,98,13.5,106.97,73.55,3.49
348,Juelsminde,75,DK,1567086182,83,55.71,10.02,73.99,12.75
349,Zhigansk,0,RU,1567086182,76,66.77,123.37,47.27,1.39
350,Hasaki,75,JP,1567086182,88,35.73,140.83,78.8,5.82
351,Sitka,0,US,1567086183,84,37.17,-99.65,72.0,11.01
352,Usinsk,100,RU,1567086183,81,66.0,57.56,44.57,10.09
353,Akdepe,0,TM,1567086183,34,42.05,59.39,80.6,18.34
354,Atambua,0,ID,1567086184,74,-9.11,124.89,75.17,14.67
355,Baruun-Urt,0,MN,1567086185,69,46.68,113.28,51.23,3.62
356,Mahates,75,CO,1567086185,83,10.23,-75.19,84.2,13.73
357,Port Hedland,0,AU,1567086185,68,-20.31,118.58,68.0,5.82
358,Yarmouth,90,CA,1567085893,100,43.84,-66.12,72.0,16.11
359,Luderitz,0,NA,1567086005,48,-26.65,15.16,66.2,31.09
360,Matara,60,BI,1567086185,67,-3.48,29.48,61.49,4.21
361,Samarai,100,PG,1567086186,93,-10.62,150.67,73.01,4.83
362,Tiarei,40,PF,1567086186,69,-17.53,-149.33,78.8,9.17
363,Salair,85,RU,1567086186,74,54.23,85.8,58.97,1.77
364,Mokhsogollokh,53,RU,1567086187,95,61.4,128.95,48.35,3.49
365,Sivaki,4,RU,1567086187,63,52.63,126.75,55.37,7.27
366,Labuhan,16,ID,1567086187,71,-2.54,115.51,70.85,1.57
367,Ruidoso,1,US,1567086187,59,33.33,-105.67,75.0,5.82
368,Beyneu,64,KZ,1567086030,37,45.32,55.19,62.93,22.57
369,Gizo,20,IL,1567086187,58,31.8,34.94,87.8,10.29
370,Floro,40,NO,1567086187,72,61.6,5.03,59.0,10.29
371,Esperance,0,AU,1567086188,56,-33.86,121.89,68.0,11.41
372,Jawar,0,IQ,1567086188,6,32.75,45.21,112.61,19.1
373,Tautira,40,PF,1567086188,69,-17.73,-149.15,78.8,9.17
374,Asyut,0,EG,1567086188,14,27.18,31.19,98.03,18.66
375,Sokoto,0,NG,1567086188,44,13.06,5.24,90.65,1.88
376,Havoysund,0,NO,1567086189,68,71.0,24.66,68.0,28.86
377,Kheri,100,IN,1567086189,89,21.85,77.8,72.83,3.0
378,Nouadhibou,7,MR,1567086189,46,20.93,-17.03,91.4,9.17
379,Saldanha,0,PT,1567086189,24,41.42,-6.55,88.49,5.06
380,Poli,100,CM,1567086190,98,8.48,13.24,70.49,2.17
381,Celestun,0,MX,1567086190,76,20.87,-90.4,79.49,7.16
382,Guerrero Negro,100,MX,1567085991,78,27.97,-114.04,70.67,6.98
383,Narsaq,20,GL,1567086190,40,60.91,-46.05,51.8,4.7
384,Hovd,90,NO,1567086190,93,63.83,10.7,61.0,12.75
385,Rhyl,20,GB,1567086190,63,53.32,-3.49,70.0,14.99
386,Tarlungeni,100,RO,1567086191,32,45.63,25.75,87.01,1.99
387,Nome,40,US,1567086191,83,30.04,-94.42,80.6,5.48
388,Rock Island,1,US,1567086191,77,41.51,-90.58,69.01,4.7
389,Chihuahua,60,MX,1567085958,65,28.66,-106.08,72.0,3.0
390,Zyryanka,8,RU,1567086191,80,65.73,150.89,30.53,5.64
391,Zarechnyy,60,RU,1567086191,86,60.99,40.4,60.23,5.1
392,San Cristobal,0,HN,1567086191,49,14.68,-86.92,80.75,2.37
393,Padang,100,ID,1567086192,80,-0.92,100.36,82.19,14.56
394,Santa Isabel,5,MX,1567086192,74,32.63,-115.58,86.0,3.36
395,Lavrentiya,98,RU,1567086192,92,65.58,-170.99,44.21,4.5
396,Norman Wells,90,CA,1567086192,100,65.28,-126.83,42.8,2.24
397,Coahuayana,4,MX,1567086192,84,18.62,-100.35,75.53,1.23
398,Verkhnevilyuysk,11,RU,1567086192,90,63.45,120.31,51.59,3.76
399,Mamlyutka,100,KZ,1567086193,78,54.94,68.54,51.77,20.2
400,Orotukan,100,RU,1567086193,84,62.26,151.67,41.33,3.13
401,Chumikan,0,RU,1567086193,74,54.72,135.31,46.37,3.8
402,Ramachandrapuram,40,IN,1567086193,70,16.83,82.03,87.8,5.82
403,Abilene,1,US,1567086109,83,32.45,-99.73,78.01,9.17
404,Vredendal,0,ZA,1567086193,69,-31.68,18.49,56.45,20.13
405,Kargasok,100,RU,1567086193,79,59.06,80.87,48.53,4.7
406,Belmonte,0,PT,1567086194,20,40.36,-7.35,93.99,4.47
407,Paredon,0,BO,1567086194,17,-18.93,-65.16,55.4,4.7
408,Grand Forks,1,US,1567086194,87,47.91,-97.06,55.99,16.11
409,Borova,0,UA,1567086194,34,50.18,30.1,82.99,4.47
410,Pangnirtung,75,CA,1567086194,33,66.15,-65.72,57.2,14.99
411,Soyo,7,AO,1567086194,84,-6.13,12.37,73.37,9.13
412,Energeticheskiy,40,KZ,1567086195,27,43.43,77.02,89.6,4.47
413,Ashland,1,US,1567086043,87,38.48,-82.64,78.01,3.36
414,Novocheboksarsk,75,RU,1567086195,58,56.11,47.49,53.6,8.95
415,Salalah,90,OM,1567086195,88,17.01,54.1,80.6,9.17
416,Pondicherry,75,ZA,1567086195,44,-34.04,18.35,63.0,3.36
417,Villa San Giovanni,20,IT,1567086196,40,45.52,9.23,91.99,3.36
418,Mayo,40,CA,1567086196,86,63.59,-135.9,41.0,2.24
419,Sabang,100,PH,1567086196,87,13.8,121.11,79.0,3.0
420,Isangel,100,VU,1567086196,75,-19.55,169.27,71.39,18.1
421,Dunedin,7,NZ,1567086196,49,-45.87,170.5,46.0,7.0
422,Pandan,100,PH,1567086196,78,11.72,122.09,81.83,11.1
423,Joshimath,98,IN,1567086196,92,30.57,79.57,57.89,1.21
424,Trairi,34,BR,1567086197,31,-3.28,-39.27,92.09,9.1
425,Uruzgan,6,AF,1567086197,24,32.93,66.63,60.77,2.89
426,Touros,75,BR,1567086197,61,-5.2,-35.46,82.4,13.87
427,Kendari,17,ID,1567086197,87,-3.99,122.52,69.23,1.36
428,Elizabeth City,1,US,1567086197,73,36.3,-76.22,78.8,9.17
429,Kalmunai,73,LK,1567086198,74,7.42,81.82,79.49,2.3
430,Vao,33,EE,1567086198,57,59.1,26.19,73.19,7.36
431,Ormara,100,PK,1567086198,66,25.21,64.64,85.61,7.49
432,Dickinson,1,US,1567085911,71,46.88,-102.79,55.0,14.99
433,Victor Harbor,0,AU,1567086198,70,-35.55,138.62,46.99,5.82
434,Nabire,100,ID,1567086199,96,-3.36,135.5,68.33,3.69
435,Benghazi,0,LY,1567086199,70,32.12,20.07,82.19,16.84
436,Carahue,75,CL,1567086199,100,-38.71,-73.16,44.6,4.7
437,Yar-Sale,100,RU,1567086199,92,66.83,70.83,43.49,19.28
438,Viedma,0,AR,1567086199,33,-40.81,-62.99,56.81,25.55
439,Zhireken,4,RU,1567086200,91,52.82,117.29,51.05,2.62
440,Guider,0,CM,1567086200,74,9.93,13.94,80.6,8.05
441,Portknockie,75,GB,1567086200,67,57.7,-2.86,63.0,20.8
442,Bokovskaya,3,RU,1567086200,41,49.23,41.83,65.81,8.16
443,Mujiayingzi,5,CN,1567086200,80,42.12,118.78,53.21,8.68
444,Oudtshoorn,40,ZA,1567086200,54,-33.59,22.2,59.0,11.41
445,Mackenzie,1,CA,1567086200,93,55.34,-123.09,35.6,3.78
446,Laterza,75,IT,1567086201,40,40.63,16.8,93.2,12.75
447,Chiang Kham,20,TH,1567086201,89,19.53,100.3,84.2,2.24
448,Laguna,75,BZ,1567086201,94,16.17,-88.94,78.8,1.74
449,Boende,100,CD,1567086201,85,-0.28,20.88,78.95,2.39
450,Kapit,0,MY,1567086201,87,2.02,112.94,73.73,1.48
451,Rocha,100,UY,1567086201,86,-34.48,-54.34,64.91,10.42
452,Luorong,100,CN,1567086202,80,24.41,109.6,79.31,11.21
453,Shonguy,0,RU,1567086202,56,68.75,33.15,71.6,6.71
454,Pakxe,75,LA,1567086202,94,15.12,105.78,77.0,2.24
455,San Carlos,98,NI,1567086202,81,11.12,-84.78,80.21,7.52
456,Sagaing,75,MM,1567086202,79,21.88,95.98,86.0,3.36
457,Mitsamiouli,40,KM,1567086203,61,-11.38,43.28,82.4,3.36
458,Hammerfest,0,NO,1567086203,68,70.66,23.68,68.0,28.86
459,Tahe,87,CN,1567086203,68,52.34,124.71,57.17,3.74
460,Vakhrushevo,40,RU,1567086203,45,55.23,61.73,66.2,11.18
461,Kodarma,44,IN,1567086203,75,24.47,85.59,82.37,6.42
462,Sinnamary,0,GF,1567086203,78,5.38,-52.96,82.01,16.89
463,Olean,1,US,1567086204,82,42.08,-78.43,63.0,9.84
464,Sindou,62,BF,1567086204,77,10.66,-5.16,82.19,5.77
465,Inhambane,0,MZ,1567086105,57,-23.87,35.38,77.0,8.05
466,Gravdal,40,NO,1567086204,63,59.79,5.78,63.0,12.75
467,Mackay,20,CA,1567086204,93,53.65,-115.58,46.4,2.24
468,Half Moon Bay,90,US,1567086204,82,37.46,-122.43,68.0,3.4
469,Middletown,1,US,1567086031,82,39.52,-84.4,70.0,4.7
470,Atasu,9,KZ,1567086205,31,48.68,71.64,71.21,14.74
471,Stephenville,20,CA,1567085977,67,48.55,-58.59,64.0,17.22
472,Panzhihua,67,CN,1567086205,87,26.59,101.72,66.89,0.81
473,Gimbi,100,ET,1567086205,95,8.81,37.79,56.99,0.81
474,Oussouye,75,SN,1567086205,66,12.49,-16.54,89.6,9.17
475,Ilulissat,5,GL,1567086197,51,69.22,-51.1,39.2,4.7
476,Meadow Lake,20,CA,1567086205,100,54.13,-108.44,44.6,6.93
477,Phonhong,75,LA,1567086205,94,18.5,102.42,84.2,4.7
478,Turayf,40,SA,1567086206,15,31.68,38.65,107.6,13.87
479,Meulaboh,100,ID,1567086206,71,4.14,96.13,83.63,7.09
480,Golspie,40,GB,1567086206,78,57.97,-3.98,64.4,17.22
481,Bilibino,100,RU,1567086206,97,68.06,166.44,37.91,2.44
482,Weligama,100,LK,1567086206,83,5.97,80.42,81.47,15.37
483,Nara,75,JP,1567086207,94,34.68,135.8,80.01,6.93
484,Bethalto,40,US,1567086207,88,38.91,-90.04,75.0,3.36
485,Capao Bonito,6,BR,1567086207,46,-24.01,-48.35,77.69,3.09
486,Birao,33,CF,1567086207,64,10.3,22.78,86.33,1.97
487,Ampanihy,0,MG,1567086207,66,-24.69,44.75,66.35,7.54
488,Kiama,90,AU,1567086208,100,-34.67,150.86,55.99,12.75
489,Kitui,70,KE,1567086208,53,-1.37,38.02,76.79,14.0
490,Zaraza,0,VE,1567086208,75,9.35,-65.33,83.63,5.41
491,Horta,75,BR,1567086208,69,-10.93,-37.66,78.8,12.75
492,Tabira,28,BR,1567086208,25,-7.58,-37.54,88.13,10.49
493,Pierre,1,US,1567086209,63,44.37,-100.35,64.0,13.87
494,Lira,65,UG,1567086209,87,2.25,32.9,74.63,3.22
495,Boshnyakovo,93,RU,1567086209,83,49.65,142.17,60.77,6.6
496,Lucapa,90,AO,1567086209,22,-8.42,20.74,93.71,2.26
497,Geraldton,75,CA,1567086209,82,49.72,-86.95,55.4,11.41
498,Mazatlan,40,MX,1567085938,100,23.22,-106.42,82.99,4.7
499,Charters Towers,0,AU,1567086209,94,-20.07,146.27,61.31,4.41
500,Quelimane,0,MZ,1567085965,48,-17.88,36.89,84.2,13.87
501,Kruisfontein,97,ZA,1567086210,66,-34.0,24.73,55.55,15.28
502,Faya,40,SA,1567086210,6,18.39,42.45,89.6,16.11
503,Dhekiajuli,100,IN,1567086210,93,26.71,92.48,69.05,3.44
504,San Policarpo,100,PH,1567086211,88,12.18,125.51,77.69,5.95
505,Perama,98,GR,1567086211,30,39.69,20.85,83.45,8.59
506,Garden City,20,US,1567086212,77,43.62,-116.24,73.0,6.93
507,Iqaluit,90,CA,1567086212,75,63.75,-68.52,41.0,24.16
508,Rundu,0,NA,1567086212,12,-17.91,19.77,93.2,5.82
509,Aklavik,90,CA,1567086212,86,68.22,-135.01,41.0,2.24
510,Insuratei,40,RO,1567086213,24,44.91,27.61,91.4,6.93
511,Kigorobya,98,UG,1567086213,66,1.62,31.31,78.41,3.06
512,Garango,99,BF,1567086213,68,11.8,-0.55,81.11,2.62
513,Kieta,90,PG,1567086213,81,-6.22,155.63,78.77,6.38
514,Zhucheng,0,CN,1567086214,54,30.85,114.8,84.2,6.71
515,Svetlogorsk,75,RU,1567086214,58,53.14,59.15,59.0,15.66
516,Morehead,1,US,1567086093,93,38.18,-83.43,71.01,6.38
517,San Juan,0,AR,1567086161,19,-31.54,-68.53,61.31,3.36
518,Cody,1,US,1567086214,71,44.53,-109.06,59.0,9.17
519,Vung Tau,100,VN,1567086214,89,10.35,107.08,78.41,15.5
520,Moose Factory,90,CA,1567086214,76,51.26,-80.61,57.2,12.75
521,Grand-Santi,0,GF,1567086214,61,4.27,-54.38,86.69,3.69
522,Zlobin,20,HR,1567086215,45,45.29,14.65,88.0,4.7
523,Vanavara,0,RU,1567086215,87,60.35,102.28,50.15,3.04
524,Tallahassee,1,US,1567086141,69,30.44,-84.28,80.01,5.82
525,Fuling,97,CN,1567086215,83,29.71,107.39,68.87,1.21
526,Namtsy,20,RU,1567086215,93,62.72,129.66,51.8,6.71
527,Saint-Esteve,100,FR,1567086216,41,42.71,2.84,95.0,9.17
528,Buchanan,90,LR,1567086216,94,5.88,-10.05,77.0,5.82
529,Camapua,66,BR,1567086216,30,-19.53,-54.04,82.91,8.16
530,Albion,1,US,1567086216,88,41.69,-98.0,70.0,10.49
531,Japura,72,ID,1567086216,87,-0.42,102.29,76.61,2.19
532,Banjar,66,ID,1567086220,90,-7.37,108.54,70.49,0.85
533,Ostrovnoy,0,RU,1567086221,76,68.05,39.51,60.23,7.87
534,La Ronge,75,CA,1567086221,93,55.1,-105.3,50.0,9.17
535,Machinga,20,MW,1567086221,33,-15.18,35.3,86.0,6.93
536,Anchorage,1,US,1567086221,70,61.22,-149.89,52.0,3.36
537,Hastings,0,NZ,1567086221,79,-39.64,176.84,46.55,7.83
538,Caorle,40,IT,1567086221,43,45.6,12.88,91.99,4.7
539,Norden,75,DE,1567086222,56,53.59,7.21,79.0,10.29
540,Hun,75,BE,1567086223,68,50.34,4.87,75.0,10.29
541,Minab,0,IR,1567086223,26,27.15,57.07,105.8,11.41
542,Joao Camara,75,BR,1567086224,61,-5.54,-35.82,82.4,13.87
543,Vaasa,0,FI,1567086224,39,63.1,21.62,80.6,12.75
544,Kralendijk,74,BQ,1567086069,78,12.15,-68.27,83.09,14.92
545,Toamasina,20,MG,1567086224,69,-18.17,49.38,77.0,6.93
546,Humaita,0,AR,1567086224,60,-24.93,-65.37,75.2,2.24
547,Blackwater,97,GB,1567086225,43,51.33,-0.78,75.99,14.99
548,Lalganj,75,IN,1567086225,79,26.17,80.97,89.6,3.36
549,Bud,40,NO,1567086225,77,62.91,6.91,59.0,19.46
550,Roebourne,0,AU,1567086226,83,-20.77,117.15,64.55,5.66
551,Black River,20,JM,1567086226,74,18.03,-77.85,86.0,4.7
552,Shimoda,47,JP,1567086226,83,34.7,138.93,81.0,1.01
